Beta.diagnosis..log2.fold.change..ASD.vs..CTL.	SE.diagnosis	Pval.diagnosis	FDR.adjusted.Pval.diagnosis	Mean.RPM
hsa-let-7a-5p	-0.109880963	0.049220268	0.029918255	0.162783886	22414.3
hsa-let-7a-3p	-0.119866709	0.086041749	0.169509861	0.417209131	28.7
hsa-let-7b-5p	-0.007699434	0.081492351	0.925090643	0.970997933	5753.7
hsa-let-7b-3p	0.118766901	0.145791102	0.41899513	0.689123755	11
hsa-let-7c-5p	0.087064183	0.055993694	0.126037433	0.352400664	5737.8
hsa-let-7c-3p	0.160945597	0.132166094	0.228815081	0.490725432	2.7
hsa-let-7d-5p	-0.094556323	0.064354864	0.147777003	0.387799748	783.5
hsa-let-7d-3p	0.090074966	0.075221005	0.23655329	0.498101467	26.9
hsa-let-7e-5p	-0.183960166	0.065383114	0.006899726	0.065932071	1644.9
hsa-let-7e-3p	0.257636329	0.131702994	0.055823712	0.21665973	7.7
hsa-let-7f-5p	-0.212506694	0.103049525	0.04420337	0.193113473	21205.5
hsa-let-7f-2-3p	0.141075012	0.129489369	0.280969158	0.538515687	4.8
hsa-let-7g-5p	-0.006643901	0.050304803	0.895436348	0.965910505	6190.5
hsa-let-7g-3p	0.400770958	0.091747812	6e-05	0.003226404	11.6
hsa-let-7i-5p	-0.075790049	0.058806354	0.203169526	0.464720797	5687.7
hsa-let-7i-3p	-0.070085204	0.096002513	0.468644912	0.71365584	18.9
hsa-miR-1	0.057958736	0.148115929	0.697169513	0.874903931	8.2
hsa-miR-100-5p	0.117775595	0.090670396	0.199694197	0.461942763	3147.4
hsa-miR-100-3p	-0.033056861	0.122869513	0.788963238	0.918936567	3.2
hsa-miR-101-5p	-0.00858231	0.05221962	0.870092575	0.951791408	80
hsa-miR-101-3p	-0.135673396	0.046694011	0.005373178	0.056906843	9408.9
hsa-miR-103a-3p	0.168883759	0.062491985	0.009273668	0.076262278	9887.3
hsa-miR-103a-2-5p	0.309801408	0.11332373	0.008538589	0.071053259	2.4
hsa-miR-105-5p	0.174760134	0.102346399	0.093687278	0.284783033	8.6
hsa-miR-105-3p	0.278992156	0.096280298	0.005490425	0.057280701	4.1
hsa-miR-106a-5p	0.232703424	0.103241383	0.0284388	0.160312265	12.3
hsa-miR-106b-5p	0.005662795	0.057362486	0.921740575	0.970997933	140.7
hsa-miR-106b-3p	0.140198864	0.088951869	0.121063008	0.343996107	58.4
hsa-miR-107	0.280419241	0.09144836	0.003433319	0.043468389	2630.7
hsa-miR-10a-5p	0.497131661	0.164340449	0.003857922	0.046494606	178.4
hsa-miR-10b-5p	-0.083360348	0.159978306	0.604528112	0.811065547	162.4
hsa-miR-1179	0.064986542	0.076400218	0.398887698	0.667374388	20.4
hsa-miR-1180-3p	0.072392614	0.135797957	0.596241993	0.803884564	39.4
hsa-miR-1185-5p	-0.103024058	0.064859397	0.118253562	0.338767375	83.9
hsa-miR-1185-1-3p	0.033825798	0.138838637	0.808473008	0.929144516	9.2
hsa-miR-1197	0.06024759	0.095232695	0.52974387	0.752765911	34.6
hsa-miR-1224-5p	0.283771836	0.133315067	0.038046299	0.181729751	7.3
hsa-miR-124-5p	-0.038088623	0.067702756	0.576134333	0.784933351	66.6
hsa-miR-124-3p	-0.083512986	0.07871528	0.293615521	0.552236814	11729.1
hsa-miR-1243	0.20292019	0.102175944	0.052317988	0.20670285	4.1
hsa-miR-1249	0.248890492	0.167191811	0.142618975	0.381956566	9.1
hsa-miR-1250-5p	-0.090996177	0.170991186	0.596875664	0.803884564	5.1
hsa-miR-1251-5p	-0.002995162	0.129707866	0.981665594	0.995913281	10.6
hsa-miR-1252-5p	0.001117481	0.105013395	0.991550337	0.998137282	10
hsa-miR-1258	0.058764253	0.148156994	0.693259735	0.873132531	1.6
hsa-miR-125a-5p	0.056804053	0.053571995	0.29389427	0.552236814	6046.3
hsa-miR-125a-3p	0.152243325	0.137121512	0.271986111	0.532156386	2.6
hsa-miR-125b-5p	0.077254233	0.059466117	0.199630101	0.461942763	5474.5
hsa-miR-125b-1-3p	0.036303011	0.075803267	0.634009789	0.825291046	192.8
hsa-miR-125b-2-3p	0.006511784	0.065288303	0.920935147	0.970997933	1216.3
hsa-miR-126-5p	-0.002248596	0.068438891	0.973915587	0.992128191	11744.9
hsa-miR-126-3p	0.067157795	0.088289817	0.450300645	0.703701069	2286.8
hsa-miR-1264	0.226878293	0.129981749	0.086811125	0.27333773	8
hsa-miR-127-5p	-0.0414886	0.050325598	0.413475919	0.681650158	224.2
hsa-miR-127-3p	-0.049336686	0.049395434	0.322511764	0.592146967	16336.8
hsa-miR-1270	0.262003395	0.166086536	0.120742674	0.343996107	2.9
hsa-miR-1271-5p	0.098204187	0.122294118	0.425620517	0.692042775	5.3
hsa-miR-1273h-3p	0.198357237	0.149765924	0.191145969	0.448359169	2.3
hsa-miR-1277-5p	0.0298055	0.026489944	0.265686742	0.525249753	23
hsa-miR-1277-3p	0.376256101	0.118540135	0.002525265	0.036774179	1.6
hsa-miR-128-1-5p	0.054292735	0.165357634	0.743976739	0.899661728	121.4
hsa-miR-128-3p	0.042440923	0.114742464	0.712974232	0.888358268	16208.5
hsa-miR-128-2-5p	0.054629325	0.135632372	0.688764927	0.870633232	10.2
hsa-miR-1283	0.005487118	0.17684608	0.975366277	0.992128191	4.7
hsa-miR-1285-3p	0.152022638	0.081719738	0.068503772	0.241841257	14.8
hsa-miR-1286	0.145063347	0.07405202	0.055492347	0.21665973	16.3
hsa-miR-1287-5p	-0.200033366	0.110241706	0.075371525	0.255577482	14
hsa-miR-129-5p	0.05375455	0.067333907	0.428311136	0.692042775	557.2
hsa-miR-129-1-3p	0.019589415	0.09921429	0.844248707	0.942679933	27.7
hsa-miR-129-2-3p	0.27782801	0.087090265	0.00241116	0.036639152	50.7
hsa-miR-1296-5p	-0.012693448	0.094045488	0.893155615	0.965302486	1262.1
hsa-miR-1296-3p	0.028062975	0.150197239	0.852512511	0.942679933	4.9
hsa-miR-1298-5p	0.000113448	0.123598888	0.999271153	0.999271153	19.2
hsa-miR-1298-3p	0.09182578	0.093189035	0.329004656	0.599217712	39.1
hsa-miR-1299	-0.976024643	0.376562451	0.012360605	0.093913727	18.8
hsa-miR-1301-3p	0.162239724	0.06495778	0.015705471	0.107628666	38.1
hsa-miR-1306-5p	-0.076433425	0.130668219	0.561115936	0.774011014	1.5
hsa-miR-1307-5p	-0.005517185	0.127973197	0.96577735	0.98960925	2126.5
hsa-miR-1307-3p	0.168327569	0.098964288	0.094936889	0.286038299	83.5
hsa-miR-130a-3p	0.059630718	0.076968388	0.44200027	0.702177702	723.1
hsa-miR-130b-5p	0.42328123	0.112692678	0.000437368	0.012464232	4.8
hsa-miR-130b-3p	0.15076327	0.06599511	0.026455824	0.152831581	71
hsa-miR-132-5p	-0.035664238	0.102992018	0.730528377	0.899012914	436.6
hsa-miR-132-3p	-0.139616279	0.12794657	0.280211936	0.538515687	1247.2
hsa-miR-133a-3p	-0.150049167	0.086980284	0.090449985	0.279917425	195.2
hsa-miR-133b	-0.197930427	0.085682368	0.024887427	0.148063162	18.4
hsa-miR-134-5p	0.104821897	0.061855472	0.096128006	0.288384018	140.8
hsa-miR-134-3p	-0.061840444	0.141717953	0.664379975	0.851055912	2.4
hsa-miR-135a-5p	-0.016759385	0.090612011	0.853981755	0.942679933	231.1
hsa-miR-135b-5p	-0.110967664	0.167763542	0.511242392	0.752765911	6.5
hsa-miR-135b-3p	0.003067987	0.050363849	0.951659272	0.988424712	0.1
hsa-miR-136-5p	-0.13370179	0.054680846	0.017903463	0.114812119	510.7
hsa-miR-136-3p	-0.040202248	0.04607896	0.386966024	0.658124698	2776.7
hsa-miR-137	0.130679642	0.070864371	0.070871974	0.24769755	387.1
hsa-miR-138-5p	-0.055670596	0.074544823	0.458543531	0.709119311	4071.8
hsa-miR-138-1-3p	-0.014275652	0.142253425	0.92044948	0.970997933	91.8
hsa-miR-138-2-3p	0.153105645	0.115569494	0.191032436	0.448359169	4.3
hsa-miR-139-5p	0.132149702	0.081383869	0.110469532	0.317770383	639.7
hsa-miR-139-3p	0.029258364	0.101421683	0.774124397	0.913518905	15.5
hsa-miR-140-5p	-0.0615342	0.045175565	0.179033922	0.430050555	79.6
hsa-miR-140-3p	-0.004120063	0.073837845	0.955715941	0.98960925	1271.2
hsa-miR-141-3p	0.266028292	0.105022912	0.014362978	0.103143069	8.8
hsa-miR-142-5p	0.272892649	0.095965934	0.006361542	0.061759967	618
hsa-miR-142-3p	0.276357108	0.137990286	0.050432689	0.204956103	55.3
hsa-miR-143-3p	0.229336104	0.083410636	0.008190072	0.068974222	55532.7
hsa-miR-144-5p	0.023126484	0.121910586	0.850282487	0.942679933	93.4
hsa-miR-144-3p	0.092398373	0.146710296	0.531582127	0.752765911	239.8
hsa-miR-145-5p	0.129776864	0.103237185	0.214343637	0.473735616	248.7
hsa-miR-145-3p	0.111970626	0.087348479	0.205569392	0.46653573	146.2
hsa-miR-1468-5p	0.149831435	0.119859507	0.216874674	0.473735616	26.1
hsa-miR-146a-5p	0.246827019	0.108444134	0.026988639	0.153374458	656.2
hsa-miR-146b-5p	0.070835256	0.091373539	0.441716635	0.702177702	8715.5
hsa-miR-146b-3p	0.053717245	0.067127498	0.427220067	0.692042775	41.3
hsa-miR-147b	0.086945108	0.137347443	0.529488022	0.752765911	3.3
hsa-miR-148a-5p	0.258948396	0.093055324	0.007495139	0.0674718	17.9
hsa-miR-148a-3p	0.293507784	0.079102689	0.000504398	0.013370051	1314.6
hsa-miR-148b-5p	0.003712162	0.050320657	0.941476325	0.979303499	101.8
hsa-miR-148b-3p	0.020246961	0.052875887	0.703343767	0.878203333	476.2
hsa-miR-149-5p	-0.032151445	0.056051201	0.568705463	0.779461017	551.2
hsa-miR-150-5p	-0.10976343	0.116451752	0.350261753	0.622984644	744.3
hsa-miR-151a-5p	-0.144258447	0.115355763	0.216695831	0.473735616	5222
hsa-miR-151a-3p	-0.144979074	0.064777497	0.029522004	0.162487248	3112.5
hsa-miR-151b	-0.203049107	0.114124308	0.081053183	0.263116811	244.4
hsa-miR-152-5p	0.15327045	0.133892539	0.257563842	0.516644812	2.9
hsa-miR-152-3p	0.068813997	0.090610374	0.451012988	0.703701069	35.1
hsa-miR-153-3p	0.046299516	0.078404558	0.557399469	0.771529165	2297.3
hsa-miR-153-5p	0.055813259	0.106239873	0.601572031	0.808651633	7.9
hsa-miR-154-5p	0.187513156	0.071622912	0.011556436	0.089493182	50.9
hsa-miR-154-3p	0.029676091	0.110784482	0.789857358	0.918936567	10.6
hsa-miR-155-5p	0.462654627	0.127665784	0.000659575	0.015461808	35.8
hsa-miR-15a-5p	-0.073010437	0.064651303	0.263955889	0.525249753	1005.7
hsa-miR-15b-5p	0.157824326	0.075766006	0.042180966	0.188963611	68
hsa-miR-15b-3p	0.101526409	0.153666269	0.51172496	0.752765911	2.3
hsa-miR-16-5p	-0.024343643	0.102677006	0.813518914	0.930686941	6855.7
hsa-miR-16-2-3p	0.251568567	0.099134476	0.014196558	0.103143069	17.5
hsa-miR-17-5p	0.127736206	0.068158474	0.066539083	0.237300098	86.7
hsa-miR-17-3p	0.048892415	0.074997388	0.517323051	0.752765911	32.7
hsa-miR-181a-5p	0.039334475	0.082136114	0.634021877	0.825291046	234103.2
hsa-miR-181a-3p	-0.06931685	0.063366907	0.279041773	0.538515687	1027.6
hsa-miR-181a-2-3p	-0.0699822	0.075345144	0.357273199	0.630641328	293.2
hsa-miR-181b-5p	-0.075475062	0.079322501	0.345754378	0.616536505	11697.7
hsa-miR-181b-3p	0.040977657	0.117491472	0.728669251	0.898640924	6.1
hsa-miR-181c-5p	0.040777895	0.062208302	0.515031978	0.752765911	10038
hsa-miR-181c-3p	-0.057865508	0.06251937	0.358949703	0.63200464	697.8
hsa-miR-181d-5p	0.050731362	0.07963291	0.526877249	0.752765911	625.6
hsa-miR-182-5p	0.170685598	0.119210777	0.158185595	0.401835411	149.3
hsa-miR-183-5p	0.146548646	0.115362498	0.209621095	0.469631877	11.5
hsa-miR-184	0.084162827	0.097026959	0.389698958	0.659563128	45
hsa-miR-185-5p	0.036617087	0.120274365	0.762002983	0.905850485	60.3
hsa-miR-185-3p	0.112247943	0.105581603	0.292631173	0.552236814	11.9
hsa-miR-186-5p	0.013542974	0.066536445	0.839505721	0.942679933	3761.3
hsa-miR-187-3p	0.086730377	0.118363292	0.467002891	0.71365584	5.4
hsa-miR-188-5p	-0.047902579	0.147401818	0.746500433	0.899661728	2.2
hsa-miR-188-3p	0.062464415	0.116298952	0.593487986	0.802414124	0.8
hsa-miR-18a-5p	0.18261318	0.1027263	0.081306482	0.263116811	13.2
hsa-miR-18b-5p	0.507507839	0.119194718	8.66e-05	0.004037279	3.1
hsa-miR-190a-5p	0.021703254	0.093917985	0.818153834	0.931416172	86.1
hsa-miR-190a-3p	-0.112965634	0.088909879	0.209539292	0.469631877	13.1
hsa-miR-191-5p	0.026250432	0.053369949	0.62488981	0.81797374	15031.8
hsa-miR-191-3p	-0.099555065	0.096010494	0.304571773	0.564709998	4.5
hsa-miR-192-5p	0.006709726	0.068816655	0.922703003	0.970997933	2046.1
hsa-miR-193a-5p	0.267669212	0.120131056	0.030220891	0.162783886	1.4
hsa-miR-193a-3p	0.181317899	0.124641994	0.151759841	0.390000474	19.9
hsa-miR-193b-3p	0.146874239	0.087082752	0.097670625	0.291759687	38.6
hsa-miR-194-5p	0.111144117	0.080472839	0.173143194	0.423171653	32.2
hsa-miR-195-5p	0.058055565	0.072781537	0.428690303	0.692042775	787.8
hsa-miR-195-3p	0.35110282	0.176378938	0.051790762	0.20670285	3.5
hsa-miR-197-3p	0.249633784	0.083502573	0.00426022	0.050472773	82.2
hsa-miR-199a-5p	0.284774155	0.11989723	0.021264204	0.131409057	19.5
hsa-miR-199b-5p	-0.018874006	0.076337355	0.805692452	0.929144516	19.7
hsa-miR-199b-3p	0.238102779	0.086003618	0.00778528	0.067936786	212.8
hsa-miR-19a-3p	0.140522392	0.126715286	0.272549337	0.532156386	123.9
hsa-miR-19b-3p	0.140896245	0.11258605	0.216369665	0.473735616	589
hsa-miR-200a-3p	-0.131752757	0.116815566	0.264552111	0.525249753	8.2
hsa-miR-200b-3p	-0.153672094	0.1170102	0.194840139	0.455495844	5.8
hsa-miR-203a	-0.290080363	0.098719272	0.004908821	0.055022016	119.3
hsa-miR-203b-3p	-0.245819869	0.126688979	0.057769375	0.22187249	7.9
hsa-miR-204-5p	-0.020405142	0.076265647	0.790101397	0.918936567	665.2
hsa-miR-204-3p	-0.428650761	0.139986231	0.003475572	0.043468389	2.2
hsa-miR-206	0.090889865	0.031561211	0.005765927	0.05841135	0
hsa-miR-208b-3p	-0.123153204	0.078739953	0.123871862	0.349138838	19.1
hsa-miR-20a-5p	0.138400955	0.096461462	0.157337196	0.401382116	85.2
hsa-miR-20a-3p	-0.060756392	0.119195596	0.612404173	0.815372413	2.6
hsa-miR-20b-5p	0.343490839	0.103444612	0.001647791	0.027423952	17.3
hsa-miR-21-5p	0.242604054	0.11407915	0.038215933	0.181729751	2894.2
hsa-miR-21-3p	0.572076524	0.162883219	0.000928454	0.018659631	158
hsa-miR-210-3p	-0.059023458	0.090526695	0.517272483	0.752765911	45.3
hsa-miR-211-5p	-0.131367333	0.415422949	0.753097245	0.903056598	12.7
hsa-miR-2110	-0.012108771	0.128555854	0.925319647	0.970997933	4.6
hsa-miR-212-5p	0.120217629	0.103624113	0.251294049	0.513609767	75.7
hsa-miR-212-3p	-0.028882724	0.150788759	0.848845181	0.942679933	59.3
hsa-miR-214-3p	0.25286903	0.136105434	0.068850372	0.241841257	2.5
hsa-miR-215-5p	-0.113522701	0.158655055	0.477481372	0.720862806	4.4
hsa-miR-218-5p	0.107768626	0.047267534	0.026739921	0.153206596	1023.2
hsa-miR-218-2-3p	0.383158189	0.114052973	0.001468444	0.025661059	1.6
hsa-miR-219a-5p	-0.093812823	0.187553047	0.619049126	0.81797374	2125.1
hsa-miR-219a-2-3p	-0.248483788	0.162579851	0.132478881	0.364577709	2799.7
hsa-miR-22-5p	0.086461733	0.075592945	0.257952846	0.516644812	31.9
hsa-miR-22-3p	0.1012983	0.051011684	0.052341065	0.20670285	65644.7
hsa-miR-221-5p	0.052937831	0.072855476	0.470720642	0.713739108	99.5
hsa-miR-221-3p	0.343100971	0.078013189	5.43e-05	0.003163261	2385.6
hsa-miR-222-3p	0.093984362	0.095415361	0.329183979	0.599217712	1625.2
hsa-miR-223-3p	0.489159396	0.104173618	1.98e-05	0.001536279	70.2
hsa-miR-2277-5p	0.467948679	0.112304818	0.000116961	0.005109722	16.6
hsa-miR-2355-5p	0.112132343	0.091629714	0.226560776	0.490297159	15.6
hsa-miR-23a-3p	0.249690326	0.064822754	0.000323277	0.009925006	279.6
hsa-miR-23b-3p	0.095057947	0.070475757	0.183244957	0.435674234	1046.7
hsa-miR-24-1-5p	0.016656116	0.103470472	0.872737195	0.953192655	7.1
hsa-miR-24-3p	0.008498378	0.071926119	0.906400656	0.968767673	1217.2
hsa-miR-24-2-5p	0.089918073	0.143360098	0.533260648	0.752765911	6.1
hsa-miR-2467-5p	0.069055963	0.076579189	0.371342922	0.644091072	33.6
hsa-miR-25-5p	-0.280752967	0.133665866	0.040560521	0.187621584	2.2
hsa-miR-25-3p	0.117545063	0.071321624	0.105362435	0.309446814	641.1
hsa-miR-2681-5p	0.029689398	0.131171477	0.821824082	0.932556872	2
hsa-miR-2681-3p	0.1243936	0.119150497	0.301312767	0.560153256	3.3
hsa-miR-2682-5p	0.198992827	0.105298092	0.064364403	0.233112526	31.1
hsa-miR-2682-3p	0.327429121	0.128921119	0.014120673	0.103143069	3.4
hsa-miR-26a-5p	-0.058355267	0.092773429	0.532097193	0.752765911	67518.9
hsa-miR-26a-2-3p	0.077798266	0.133326467	0.562067815	0.774011014	1.2
hsa-miR-26b-5p	-0.09097783	0.058751151	0.127560304	0.353827985	3291
hsa-miR-26b-3p	0.118892963	0.107879987	0.275499415	0.536418082	4.8
hsa-miR-27a-3p	0.0269311	0.095806432	0.779749913	0.914505351	876.5
hsa-miR-27b-5p	-0.183496153	0.063846202	0.005857256	0.058433478	64
hsa-miR-27b-3p	-0.055789176	0.079667989	0.486879557	0.731889914	43541.3
hsa-miR-28-5p	0.008889898	0.086781236	0.918801204	0.970997933	204.2
hsa-miR-28-3p	0.151609802	0.074600812	0.047247407	0.201806279	340.8
hsa-miR-299-5p	-0.199375556	0.139411974	0.158664626	0.401835411	3.4
hsa-miR-299-3p	0.001789516	0.090394783	0.984281343	0.997119795	65.9
hsa-miR-29a-5p	-0.167695423	0.093588135	0.078977206	0.261757041	20.5
hsa-miR-29a-3p	-0.03388614	0.053322144	0.527890262	0.752765911	6469.8
hsa-miR-29b-3p	-0.119727774	0.076175605	0.122077796	0.34547522	1508.7
hsa-miR-29b-2-5p	-0.069562431	0.094709005	0.46595198	0.71365584	14.1
hsa-miR-29c-5p	0.019850788	0.16100894	0.902352787	0.9668982	77.5
hsa-miR-29c-3p	-0.082836131	0.038812511	0.037555948	0.181729751	2292.8
hsa-miR-301a-5p	0.019759555	0.106318652	0.853283765	0.942679933	3.5
hsa-miR-301a-3p	0.017639298	0.068446667	0.797648933	0.923106961	308.9
hsa-miR-301b	0.16953869	0.057492187	0.00476896	0.054647593	62.3
hsa-miR-302a-5p	0.16219598	0.090973617	0.080441786	0.26275144	0.4
hsa-miR-3065-5p	0.157688163	0.12783971	0.222942068	0.485471981	8.1
hsa-miR-3065-3p	0.205154881	0.117689303	0.087210919	0.273365169	21.4
hsa-miR-3074-5p	-0.102750601	0.106428069	0.338789949	0.607791103	0.5
hsa-miR-30a-5p	0.045587855	0.037659067	0.231544935	0.493444845	25929.5
hsa-miR-30a-3p	-0.043872913	0.046983023	0.354721267	0.628318586	378.5
hsa-miR-30b-5p	0.096074742	0.082182685	0.247719204	0.510704262	815.3
hsa-miR-30b-3p	-0.203321914	0.123855123	0.106705816	0.310847919	2.3
hsa-miR-30c-5p	0.33165839	0.130626783	0.014148861	0.103143069	267.2
hsa-miR-30c-1-3p	-0.208326474	0.108369432	0.060044868	0.225652488	31.3
hsa-miR-30c-2-3p	-0.053347458	0.082464716	0.520534063	0.752765911	37.8
hsa-miR-30d-5p	0.046574866	0.048864388	0.344926206	0.616536505	13321.7
hsa-miR-30d-3p	-0.083102311	0.076191359	0.280430981	0.538515687	87.6
hsa-miR-30e-5p	0.0244302	0.047690246	0.610632296	0.815372413	11800
hsa-miR-30e-3p	-0.102240963	0.062614352	0.108538264	0.314806002	488.9
hsa-miR-31-5p	-0.188721487	0.084223585	0.029341229	0.162487248	216.7
hsa-miR-31-3p	-0.310301286	0.146118224	0.03847783	0.181729751	2
hsa-miR-3116	0.106153387	0.081824007	0.200241283	0.461942763	0.3
hsa-miR-3117-3p	-0.017574029	0.168751177	0.917457564	0.970997933	17.8
hsa-miR-3176	0.231311076	0.169331031	0.177808962	0.428580911	1.2
hsa-miR-32-5p	-0.061327762	0.089623285	0.496834464	0.740723891	85.5
hsa-miR-32-3p	0.057077102	0.121552293	0.640626625	0.829255576	2.1
hsa-miR-3200-5p	-0.162975245	0.110669739	0.146878989	0.387799748	6.4
hsa-miR-3200-3p	-0.046881719	0.085750258	0.586906941	0.796597965	87.7
hsa-miR-320a	0.194704054	0.089910094	0.034955108	0.177186419	325.7
hsa-miR-320b	-0.114795456	0.129829981	0.3806592	0.653761132	57.2
hsa-miR-320c	-0.54372777	0.216978046	0.015381435	0.106451717	15.6
hsa-miR-320d	-0.457583833	0.236465156	0.058425335	0.223165625	11
hsa-miR-323a-3p	0.153800482	0.072562708	0.03883673	0.182193786	112.6
hsa-miR-323b-3p	0.357843364	0.172682116	0.043215634	0.189985714	16.8
hsa-miR-324-5p	0.023047214	0.067695981	0.734887954	0.899661728	154.5
hsa-miR-324-3p	0.000618564	0.087162852	0.994364899	0.998650954	25.7
hsa-miR-328-3p	0.197996537	0.067508581	0.004984247	0.055022016	82.4
hsa-miR-329-3p	0.167714658	0.058453964	0.005935303	0.058433478	54.8
hsa-miR-330-5p	-0.207325621	0.097503321	0.038240768	0.181729751	269.7
hsa-miR-330-3p	-0.153397137	0.07105105	0.035487981	0.177186419	88
hsa-miR-331-5p	0.069030224	0.106837237	0.521039774	0.752765911	13.8
hsa-miR-331-3p	0.200796605	0.116565632	0.090903084	0.279917425	11.4
hsa-miR-335-5p	0.047070229	0.0973282	0.630683292	0.824014245	784.2
hsa-miR-335-3p	0.257716521	0.070612147	0.000609071	0.015205025	47.7
hsa-miR-337-5p	0.077402918	0.120404564	0.523141546	0.752765911	4.1
hsa-miR-337-3p	0.064776511	0.137887368	0.640477468	0.829255576	3.1
hsa-miR-338-5p	-0.231269883	0.110821553	0.041819807	0.188963611	393.3
hsa-miR-338-3p	-0.232633314	0.126367447	0.071340567	0.248094808	11824.2
hsa-miR-339-5p	0.179004026	0.115346723	0.126757008	0.353000591	18.2
hsa-miR-339-3p	0.004912669	0.166081101	0.976515301	0.992128191	101
hsa-miR-33a-5p	-0.117457877	0.098724532	0.239547167	0.499831253	61.5
hsa-miR-33a-3p	-0.022820701	0.104414918	0.827850002	0.936354614	6.4
hsa-miR-33b-5p	0.001744117	0.156752398	0.99116504	0.998137282	215.4
hsa-miR-340-5p	-0.137803812	0.091783462	0.139300144	0.378874711	2700.6
hsa-miR-340-3p	0.000839202	0.075583596	0.991183784	0.998137282	92.9
hsa-miR-342-5p	-0.023413782	0.076493197	0.76075849	0.905850485	18.6
hsa-miR-342-3p	0.091379352	0.050288356	0.0749652	0.255577482	1138.4
hsa-miR-345-5p	-0.004690394	0.097942872	0.9619881	0.98960925	193.1
hsa-miR-346	0.194241524	0.140911905	0.173963089	0.423694073	5.6
hsa-miR-34a-5p	-0.058994212	0.09589678	0.541115922	0.759518132	164.3
hsa-miR-34a-3p	-0.112449812	0.131876599	0.397741919	0.667374388	3.6
hsa-miR-34b-5p	-0.221978926	0.159674841	0.170392421	0.417909832	20.9
hsa-miR-34c-5p	-0.26356138	0.157635031	0.100537453	0.299045445	186.3
hsa-miR-34c-3p	-0.103394062	0.168671603	0.542554591	0.760011341	4
hsa-miR-3605-5p	0.087745086	0.101022689	0.389074584	0.659563128	6.4
hsa-miR-3607-5p	-0.105734601	0.214076858	0.623449989	0.81797374	12.4
hsa-miR-3607-3p	-0.017333452	0.112193892	0.877817142	0.956975705	36.9
hsa-miR-361-5p	0.149665076	0.079421362	0.06510017	0.233359072	250.9
hsa-miR-361-3p	0.060311958	0.050524434	0.238005565	0.498101467	135.6
hsa-miR-3611	0.085549496	0.149980578	0.570860457	0.779622684	2.3
hsa-miR-3613-5p	-0.082869582	0.100415028	0.412987981	0.681650158	27.6
hsa-miR-3613-3p	-0.046136251	0.156672319	0.769566525	0.910197971	4.6
hsa-miR-3615	0.312417624	0.136433914	0.026116374	0.152527323	6.7
hsa-miR-362-5p	0.142550849	0.100243919	0.160985394	0.40624112	72
hsa-miR-362-3p	0.13758359	0.141550032	0.335560978	0.606090759	2.9
hsa-miR-363-3p	0.212620257	0.068782865	0.003200789	0.043468389	483.1
hsa-miR-365b-3p	0.065566964	0.086876736	0.453826063	0.705161943	60.1
hsa-miR-3681-5p	0.35499434	0.141015636	0.014942141	0.104445563	3.4
hsa-miR-3687	-1.533637153	0.272014772	7.13e-07	0.000148636	11.9
hsa-miR-369-5p	-0.032369397	0.115101248	0.779653548	0.914505351	150.7
hsa-miR-369-3p	0.012951191	0.129721513	0.920856525	0.970997933	110.1
hsa-miR-370-5p	0.254586051	0.136984566	0.068762075	0.241841257	2.6
hsa-miR-370-3p	-0.020665032	0.100709125	0.838220742	0.942679933	179.3
hsa-miR-374a-5p	-0.069845141	0.088533017	0.433743193	0.696980441	200.3
hsa-miR-374a-3p	-0.140909936	0.067207668	0.040908121	0.187621584	221.2
hsa-miR-374b-5p	0.004399107	0.082642562	0.957752213	0.98960925	271.3
hsa-miR-374b-3p	-0.08498617	0.078631676	0.284767367	0.542377083	21.7
hsa-miR-375	-0.162871292	0.14981033	0.281969587	0.538515687	29.1
hsa-miR-376a-5p	0.035561038	0.081372041	0.663907886	0.851055912	47.3
hsa-miR-376a-3p	0.10451345	0.099312802	0.297497324	0.556017727	10.3
hsa-miR-376b-5p	0.128684215	0.129131728	0.323605353	0.592146967	1.3
hsa-miR-376b-3p	0.111592393	0.086638455	0.203440005	0.464720797	14.5
hsa-miR-376c-5p	0.139387244	0.127649246	0.279886346	0.538515687	1.3
hsa-miR-376c-3p	0.030189552	0.07021762	0.669013858	0.853358917	43.5
hsa-miR-377-5p	-0.064262332	0.088225621	0.469644759	0.71365584	29.2
hsa-miR-377-3p	-0.022058134	0.055927593	0.69489486	0.873617818	85
hsa-miR-378a-5p	0.055545455	0.127451274	0.664773287	0.851055912	3.5
hsa-miR-378a-3p	0.045113787	0.046052751	0.331813894	0.602436136	1167.7
hsa-miR-378c	0.016523834	0.089226988	0.853801428	0.942679933	77.8
hsa-miR-378d	0.157120807	0.124974721	0.214291236	0.473735616	23.3
hsa-miR-379-5p	0.046247222	0.116595403	0.693250926	0.873132531	69.3
hsa-miR-379-3p	-0.026300267	0.128545027	0.838683662	0.942679933	9.8
hsa-miR-380-5p	0.169498123	0.115784869	0.149239102	0.387799748	3.6
hsa-miR-380-3p	0.266349294	0.111856398	0.020954316	0.13077738	15.9
hsa-miR-381-5p	-0.040051895	0.111610641	0.721157487	0.896955665	1.1
hsa-miR-381-3p	0.090106362	0.098834244	0.366138309	0.639515827	1418.7
hsa-miR-382-5p	-0.055262698	0.095938406	0.567084672	0.778766573	89.5
hsa-miR-382-3p	0.028663958	0.066278339	0.667181992	0.852578085	43.9
hsa-miR-383-5p	0.180707604	0.07320527	0.016892433	0.11245534	594.7
hsa-miR-3909	0.051588082	0.126889034	0.685999231	0.870260367	3.6
hsa-miR-3912-3p	-0.016678689	0.084593734	0.844469231	0.942679933	16.6
hsa-miR-3913-5p	-0.027918634	0.142085122	0.844990782	0.942679933	2.6
hsa-miR-3938	0.546856561	0.128136214	8.38e-05	0.004037279	2.3
hsa-miR-3943	0.178999402	0.118038467	0.135461771	0.371324618	22
hsa-miR-409-5p	0.253658796	0.121083102	0.041067385	0.187621584	36.7
hsa-miR-409-3p	0.077274505	0.067226254	0.25562208	0.516644812	515.1
hsa-miR-410-3p	-0.187529192	0.109966448	0.094100453	0.284783033	3537.5
hsa-miR-411-5p	-0.181817643	0.194844141	0.355058429	0.628318586	2700
hsa-miR-411-3p	0.131702424	0.117174257	0.266180349	0.525249753	17.7
hsa-miR-412-5p	-0.407931227	0.334538795	0.228200799	0.490725432	25
hsa-miR-421	0.004892393	0.083663807	0.953592972	0.988963632	616.7
hsa-miR-423-5p	-0.133527902	0.074030059	0.077072878	0.258845184	419.9
hsa-miR-423-3p	0.152557258	0.073334171	0.042442471	0.188963611	579.4
hsa-miR-424-5p	0.31524448	0.094160955	0.001519575	0.025906899	35.4
hsa-miR-424-3p	0.569175841	0.119089376	1.48e-05	0.001295391	5.9
hsa-miR-425-5p	0.218031036	0.074894616	0.005291439	0.056903319	200.1
hsa-miR-425-3p	0.275467114	0.077263729	0.000789769	0.017808014	28.1
hsa-miR-4286	-0.04187955	0.102841084	0.685513647	0.870260367	14
hsa-miR-429	0.148706148	0.146629339	0.315200415	0.582870609	3.5
hsa-miR-431-5p	-0.040264502	0.146727995	0.78485225	0.918936567	7.8
hsa-miR-431-3p	-0.067091316	0.058444022	0.256239517	0.516644812	100.6
hsa-miR-432-5p	0.034671009	0.054332023	0.526188075	0.752765911	307.6
hsa-miR-432-3p	-0.123774984	0.084093395	0.147081267	0.387799748	11.3
hsa-miR-433-5p	0.025250047	0.12627383	0.842289763	0.942679933	6.1
hsa-miR-433-3p	-6.17e-05	0.058293852	0.999159341	0.999271153	108.7
hsa-miR-4446-3p	0.039007358	0.13574969	0.774988141	0.913518905	2.4
hsa-miR-448	0.281832224	0.198629351	0.161898877	0.407076674	3.9
hsa-miR-449a	-0.056255709	0.161221026	0.728546864	0.898640924	3.7
hsa-miR-449b-5p	0.338792068	0.104721183	0.002115895	0.033613872	0.4
hsa-miR-449c-5p	-0.064829017	0.131432948	0.623914207	0.81797374	1.6
hsa-miR-450a-5p	0.251022869	0.101969366	0.01717928	0.113286006	5.8
hsa-miR-450b-5p	0.345889382	0.112538595	0.003365105	0.043468389	6.5
hsa-miR-451a	0.280305755	0.128545349	0.033760525	0.176109005	1858.2
hsa-miR-452-5p	0.252591629	0.129275965	0.056102162	0.21665973	3.8
hsa-miR-454-5p	-0.069600218	0.138481774	0.617371162	0.81797374	4.8
hsa-miR-454-3p	-0.048301816	0.060954481	0.43171373	0.695317735	103
hsa-miR-455-5p	0.013856289	0.102986924	0.893491715	0.965302486	51.8
hsa-miR-455-3p	0.140599329	0.189536595	0.461542492	0.71061278	5.4
hsa-miR-4662a-5p	-0.026668853	0.160183294	0.86841736	0.95144786	5.1
hsa-miR-4671-3p	-0.115008566	0.15465986	0.460451719	0.710498349	1.5
hsa-miR-4677-3p	0.109170724	0.097401517	0.267509173	0.525249753	16.1
hsa-miR-4705	-0.098862592	0.073979911	0.187255343	0.442200961	15.8
hsa-miR-484	0.297945492	0.084881987	0.000934316	0.018659631	41.8
hsa-miR-485-5p	-0.21684006	0.087337259	0.016300266	0.110620253	133.6
hsa-miR-485-3p	0.209538288	0.155055145	0.182424168	0.43520305	9.3
hsa-miR-486-5p	0.250181644	0.124878516	0.050358305	0.204956103	1664.1
hsa-miR-486-3p	-0.069487133	0.172532289	0.688784231	0.870633232	4.4
hsa-miR-487a-5p	0.222497727	0.129115985	0.090787532	0.279917425	1.7
hsa-miR-487a-3p	-0.11558554	0.119421373	0.337584671	0.607791103	149.5
hsa-miR-487b-3p	0.01903993	0.106975815	0.859427488	0.943076631	360.4
hsa-miR-488-5p	-0.24042271	0.125795152	0.061494879	0.228460106	2.5
hsa-miR-488-3p	-0.048698909	0.062277623	0.437781474	0.700250001	279.1
hsa-miR-489-3p	0.37582831	0.197370052	0.062426152	0.228460106	5
hsa-miR-490-5p	-0.009419515	0.118780423	0.937096881	0.976200775	9
hsa-miR-490-3p	0.047860731	0.059816733	0.427279972	0.692042775	159.5
hsa-miR-491-5p	-0.42936985	0.115955188	0.00051644	0.013370051	6.3
hsa-miR-493-5p	0.194925796	0.114308214	0.094112848	0.284783033	5
hsa-miR-493-3p	0.203385437	0.111332991	0.073468868	0.254231379	3.7
hsa-miR-494-3p	0.088839954	0.121501941	0.467950529	0.71365584	7.8
hsa-miR-495-3p	0.074363514	0.068356731	0.281667365	0.538515687	77.3
hsa-miR-496	0.157100264	0.122340799	0.20479202	0.466285414	7.7
hsa-miR-497-5p	-0.099009402	0.066945559	0.145185279	0.385872661	332.9
hsa-miR-4999-5p	0.104073341	0.152350758	0.497565574	0.740723891	1.3
hsa-miR-499a-5p	0.097235757	0.099467592	0.33281704	0.602691996	41
hsa-miR-5002-5p	-0.038811483	0.129211832	0.765091812	0.907852744	2.5
hsa-miR-500a-5p	0.016836508	0.137859331	0.903268275	0.9668982	2.2
hsa-miR-500a-3p	0.008290618	0.064231439	0.897796934	0.966731946	106.7
hsa-miR-500b-5p	0.056392177	0.121444323	0.644338218	0.832518326	1.7
hsa-miR-501-5p	0.105942943	0.124857505	0.40004273	0.667374388	1
hsa-miR-501-3p	-0.249394125	0.160011107	0.125155845	0.351341108	25.3
hsa-miR-502-5p	0.311358441	0.131267721	0.02143152	0.131409057	1.3
hsa-miR-502-3p	0.037874555	0.070181358	0.591730365	0.801588227	18.3
hsa-miR-504-5p	-0.01521594	0.083958464	0.856890232	0.942679933	63.1
hsa-miR-505-3p	0.187842052	0.085482364	0.03246727	0.17192895	13.1
hsa-miR-508-3p	0.347267404	0.124166127	0.007218001	0.067271769	2.9
hsa-miR-509-3p	-0.014186825	0.151119402	0.925566667	0.970997933	2.5
hsa-miR-5096	-0.803746641	0.221908122	0.000663597	0.015461808	3.6
hsa-miR-516a-5p	0.135557381	0.148918384	0.366875317	0.639515827	11.9
hsa-miR-532-5p	0.041044615	0.053206434	0.443948293	0.703112698	172.1
hsa-miR-532-3p	0.046483405	0.142836519	0.746160899	0.899661728	1.4
hsa-miR-539-5p	-0.012712311	0.092342412	0.891036927	0.965302486	25.7
hsa-miR-539-3p	-0.113396437	0.176414636	0.523188799	0.752765911	170.7
hsa-miR-541-5p	0.002198464	0.138188327	0.987367727	0.998137282	3.5
hsa-miR-541-3p	0.163767678	0.130785721	0.216105989	0.473735616	2.7
hsa-miR-542-5p	0.252491351	0.144431923	0.086336995	0.273074929	3.8
hsa-miR-542-3p	0.218365378	0.119731906	0.073933665	0.254579466	13
hsa-miR-543	0.142366808	0.078547795	0.075686036	0.255577482	50
hsa-miR-544a	0.081146031	0.124010041	0.515769816	0.752765911	2.4
hsa-miR-545-5p	-0.059665775	0.116978096	0.612168125	0.815372413	2.9
hsa-miR-548ah-3p	0.120612762	0.104410574	0.253298381	0.516196992	5.1
hsa-miR-548au-5p	0.117003047	0.145332541	0.424444482	0.692042775	1.5
hsa-miR-548ay-5p	-0.065992958	0.093368743	0.482846578	0.727391719	6.4
hsa-miR-548az-5p	-0.218101305	0.151785579	0.156735226	0.401311074	1.4
hsa-miR-548b-3p	0.177798056	0.144910817	0.225368357	0.489231309	2.5
hsa-miR-548d-5p	-0.057729088	0.097394596	0.555928245	0.77101953	6.2
hsa-miR-548e-5p	-0.062365656	0.123509775	0.615730773	0.81797374	2.9
hsa-miR-548e-3p	0.126311597	0.126583923	0.32297365	0.592146967	4.2
hsa-miR-548k	-0.107057463	0.100418241	0.291296438	0.551805448	39.1
hsa-miR-548o-3p	-0.151197489	0.079290688	0.062068428	0.228460106	10.3
hsa-miR-548o-5p	0.218835527	0.144528407	0.136046644	0.371471111	1.6
hsa-miR-550a-5p	0.117854227	0.14033332	0.404856045	0.672195666	3.3
hsa-miR-550a-3p	-0.097132015	0.12502574	0.440739951	0.702177702	1.2
hsa-miR-550a-3-5p	0.112674273	0.132618716	0.399436378	0.667374388	3.3
hsa-miR-551b-3p	0.174752293	0.149724543	0.248470726	0.510704262	9.9
hsa-miR-561-5p	0.219258104	0.09866613	0.030643019	0.163507407	7.6
hsa-miR-5680	0.066891551	0.106357763	0.532148346	0.752765911	9.5
hsa-miR-5682	0.167769494	0.108948031	0.129647524	0.358196124	0.8
hsa-miR-5683	0.373136834	0.185833995	0.049861837	0.204956103	45.6
hsa-miR-5688	-0.013228073	0.127090379	0.917503116	0.970997933	3
hsa-miR-5699-5p	-0.023820571	0.107916644	0.826166127	0.935964543	6.1
hsa-miR-5699-3p	0.254548484	0.173862119	0.149190953	0.387799748	2.3
hsa-miR-574-5p	-0.060644491	0.177644328	0.734192058	0.899661728	4
hsa-miR-574-3p	-0.05847296	0.102563239	0.571054097	0.779622684	76.4
hsa-miR-576-3p	0.185674161	0.16193622	0.25680057	0.516644812	4.3
hsa-miR-577	-0.410305293	0.141946113	0.005598702	0.057551366	687
hsa-miR-582-5p	0.13286676	0.067371296	0.053921053	0.211746157	90.5
hsa-miR-582-3p	0.092154421	0.055494406	0.102811248	0.303878277	262
hsa-miR-584-5p	-0.282122284	0.148621688	0.063218632	0.23015533	460.8
hsa-miR-585-3p	0.325300412	0.169204121	0.060024349	0.225652488	2
hsa-miR-589-5p	-0.064958549	0.054293769	0.236956547	0.498101467	72.9
hsa-miR-589-3p	0.090089751	0.144074537	0.534509111	0.752765911	2.5
hsa-miR-590-5p	0.113006195	0.129108787	0.385447295	0.658124698	1.4
hsa-miR-590-3p	-0.021820034	0.083778242	0.795545372	0.922199362	34.6
hsa-miR-592	0.016954206	0.073327063	0.818056328	0.931416172	113.9
hsa-miR-597-5p	0.121937402	0.142145125	0.394918972	0.666783481	1.8
hsa-miR-598-3p	0.085571794	0.057277482	0.14122283	0.381827766	364.3
hsa-miR-618	-0.024045266	0.127959422	0.851676063	0.942679933	1.3
hsa-miR-619-5p	-0.821002093	0.199557905	0.00013897	0.005714129	3.3
hsa-miR-625-5p	-0.116113777	0.090097227	0.203185506	0.464720797	42.6
hsa-miR-625-3p	0.289991301	0.161859943	0.079013928	0.261757041	9.4
hsa-miR-628-5p	-0.120865241	0.131031259	0.360572199	0.63326625	77.1
hsa-miR-628-3p	-0.040132783	0.120271408	0.739959054	0.899661728	44.2
hsa-miR-629-5p	0.467618891	0.146161319	0.002347772	0.036468728	7.6
hsa-miR-641	0.055943072	0.092247386	0.546857096	0.76298026	24.4
hsa-miR-6499-5p	-0.005530894	0.132875103	0.96695725	0.98960925	0.5
hsa-miR-6500-3p	-0.24976518	0.117498546	0.03829805	0.181729751	3.6
hsa-miR-6505-5p	-0.256993125	0.14544925	0.083114896	0.266501432	5.4
hsa-miR-651-5p	0.30508965	0.09796506	0.002997318	0.041902507	4.4
hsa-miR-6511a-3p	0.180517227	0.120908482	0.141478386	0.381827766	2.2
hsa-miR-6511b-3p	-0.204359371	0.114538374	0.080226166	0.26275144	1.9
hsa-miR-6516-3p	-0.02292957	0.127135175	0.857574284	0.942679933	5.2
hsa-miR-652-5p	0.019343632	0.126374875	0.87893906	0.956975705	3.8
hsa-miR-652-3p	0.115788184	0.065351716	0.082292179	0.265079414	56.2
hsa-miR-653-5p	0.323544001	0.169315143	0.061537694	0.228460106	3.2
hsa-miR-654-5p	0.184026509	0.130281137	0.163750137	0.41025572	2.8
hsa-miR-654-3p	0.207144809	0.077767765	0.010267276	0.08132038	375.4
hsa-miR-655-3p	-0.061499362	0.100755878	0.544268754	0.760887718	11.4
hsa-miR-656-5p	0.012526671	0.135219533	0.926545953	0.970997933	2.2
hsa-miR-656-3p	-0.077214902	0.118808375	0.518610473	0.752765911	76.8
hsa-miR-659-5p	0.027548994	0.121304499	0.82123173	0.932556872	5.4
hsa-miR-660-5p	0.056482843	0.037925359	0.142444701	0.381956566	148.7
hsa-miR-664a-5p	0.256594587	0.110388435	0.024040445	0.144864407	10.2
hsa-miR-664a-3p	0.283891701	0.115793761	0.017613879	0.11400094	10.2
hsa-miR-665	0.339273949	0.156713376	0.035004175	0.177186419	3.3
hsa-miR-668-3p	0.317712602	0.113094004	0.006979933	0.065932071	22.5
hsa-miR-670-3p	-0.340776871	0.123076642	0.007779095	0.067936786	19.5
hsa-miR-671-5p	0.07816532	0.093611218	0.407538021	0.675045206	13.8
hsa-miR-671-3p	0.060433984	0.11821424	0.611357992	0.815372413	7.3
hsa-miR-6837-3p	-0.148839408	0.113894993	0.197026348	0.459071391	3.3
hsa-miR-6842-3p	-0.111699073	0.127893322	0.386473183	0.658124698	8.2
hsa-miR-6859-5p	-0.046059759	0.141402379	0.745931758	0.899661728	2.4
hsa-miR-6866-5p	-0.320800252	0.147913175	0.034690156	0.177186419	2.8
hsa-miR-7-5p	0.043789666	0.130657254	0.738860901	0.899661728	596.2
hsa-miR-7-1-3p	-0.02917275	0.058765435	0.621685251	0.81797374	36.8
hsa-miR-7-2-3p	0.027963107	0.11462383	0.80822529	0.929144516	6.9
hsa-miR-708-5p	0.249419336	0.060974519	0.000150066	0.005827555	366.5
hsa-miR-708-3p	0.098129251	0.049376561	0.052160645	0.20670285	197.3
hsa-miR-744-5p	-0.163204976	0.143485019	0.26057028	0.520396073	1171.9
hsa-miR-744-3p	0.029929304	0.066170159	0.652928301	0.840509912	17.4
hsa-miR-758-5p	0.116208202	0.092193697	0.213123554	0.473735616	19.9
hsa-miR-758-3p	-0.026411667	0.07432797	0.723772593	0.897446177	119.2
hsa-miR-760	0.280869702	0.139347609	0.049022756	0.202762762	2.6
hsa-miR-766-3p	0.30373372	0.099214234	0.003482446	0.043468389	20.1
hsa-miR-767-5p	0.26800401	0.097339593	0.008107628	0.068974222	59.3
hsa-miR-769-5p	-0.094795372	0.052989787	0.079450407	0.261961482	11598.4
hsa-miR-769-3p	-0.040840968	0.082547278	0.62285462	0.81797374	54.7
hsa-miR-770-5p	0.223495438	0.080242396	0.007444802	0.0674718	81.8
hsa-miR-7706	0.081603362	0.108402444	0.454975732	0.705161943	3.4
hsa-miR-873-5p	0.141177885	0.065079783	0.034653111	0.177186419	646
hsa-miR-873-3p	-0.085369562	0.105526783	0.422210023	0.692042775	156.9
hsa-miR-874-5p	0.246484919	0.20936146	0.24442944	0.508500532	184.7
hsa-miR-874-3p	0.332448976	0.104601862	0.002495254	0.036774179	500.9
hsa-miR-876-5p	0.227505743	0.163060414	0.168879004	0.417125174	32.4
hsa-miR-876-3p	0.145236893	0.121570703	0.237636669	0.498101467	10.4
hsa-miR-877-5p	-0.00139971	0.146733235	0.992425481	0.998137282	5.7
hsa-miR-885-5p	0.125008519	0.085563602	0.150031681	0.388415353	49.1
hsa-miR-885-3p	0.229405837	0.138236544	0.103031691	0.303878277	2.7
hsa-miR-887-5p	-0.150517116	0.128845941	0.248056473	0.510704262	6.6
hsa-miR-887-3p	0.248923297	0.082171429	0.003811585	0.046494606	158.4
hsa-miR-889-5p	-0.335699813	0.133142684	0.014794169	0.104445563	4.6
hsa-miR-889-3p	-0.242905149	0.114264333	0.038286676	0.181729751	747.8
hsa-miR-891a-5p	0.19771113	0.140209447	0.164460119	0.410562941	4.7
hsa-miR-9-5p	-0.017495233	0.042332758	0.68110171	0.867195074	36731
hsa-miR-9-3p	-0.003396182	0.075041317	0.964075427	0.98960925	1097
hsa-miR-92a-3p	0.113455553	0.082819396	0.176599749	0.427139184	1139.7
hsa-miR-92b-3p	0.266048246	0.100002945	0.010354097	0.08132038	795.4
hsa-miR-93-5p	-0.020164348	0.071201192	0.778146114	0.914505351	735.4
hsa-miR-93-3p	0.183629238	0.131290689	0.16785517	0.416066539	3.4
hsa-miR-935	0.220748477	0.091915108	0.019929907	0.126645501	57.1
hsa-miR-940	0.578887506	0.165453426	0.000966944	0.018774828	1.6
hsa-miR-941	0.192392989	0.099809341	0.059374527	0.225558666	308.9
hsa-miR-95-5p	-0.194376708	0.087266706	0.030274542	0.162783886	30.5
hsa-miR-95-3p	0.017557178	0.065171045	0.788686875	0.918936567	328.7
hsa-miR-96-5p	0.336406289	0.162154877	0.042990001	0.189985714	2.8
hsa-miR-98-5p	-0.164421448	0.062878384	0.011650758	0.089493182	3448
hsa-miR-99a-5p	0.107397738	0.051524842	0.042054075	0.188963611	1083.4
hsa-miR-99a-3p	0.084951061	0.041988002	0.04820476	0.202251918	108.5
hsa-miR-99b-5p	0.050653841	0.066435043	0.449232374	0.703701069	3601.2
hsa-miR-99b-3p	-0.074694635	0.070731727	0.295837447	0.554397789	17.7
hsa_can_1002-m	-1.301472946	0.272223682	1.47e-05	0.001295391	24.7
hsa_can_1067-m	-0.104864297	0.117153857	0.374858895	0.646978685	4
hsa_can_1135-m	0.070364772	0.096161395	0.467614635	0.71365584	6.2
hsa_can_1155-m	-0.895591698	0.22573146	0.000223465	0.008221154	4.5
hsa_can_1240-m	-0.117209559	0.067000869	0.086126523	0.273074929	274.6
hsa_can_1340-m	0.104691688	0.131075592	0.428090266	0.692042775	4.2
hsa_can_139-m	-0.126510083	0.198327351	0.526347539	0.752765911	4.2
hsa_can_1444-m	0.010805593	0.084688547	0.898963898	0.966731946	17.3
hsa_can_1472-m	-0.102320637	0.149956303	0.498054691	0.740723891	11.4
hsa_can_1492-m	0.066840144	0.191844488	0.728940492	0.898640924	44.1
hsa_can_1563-m	-0.168693447	0.079428451	0.038459439	0.181729751	26.1
hsa_can_1657-m	0.258686369	0.127348781	0.047347968	0.201806279	12.1
hsa_can_1727-m	-2.014181722	0.386454287	3.27e-06	0.000456731	351
hsa_can_1786-m	-0.116690438	0.181970782	0.524170746	0.752765911	3.6
hsa_can_1846-m	0.089216569	0.073271234	0.228864794	0.490725432	304.9
hsa_can_1921-m	0.103075243	0.135544844	0.450419354	0.703701069	2.3
hsa_can_1926-m	0.158630446	0.25413595	0.535228409	0.752765911	112.8
hsa_can_2047-m	0.037954251	0.12007098	0.753193128	0.903056598	4.6
hsa_can_2071-m	-1.698442921	0.275228389	1.03e-07	7.22e-05	53.9
hsa_can_2073-m	0.090621279	0.099866828	0.368370203	0.640524309	7.9
hsa_can_2103-m	-0.022878123	0.058832179	0.69895945	0.875578236	23.1
hsa_can_2159-m	-0.24262693	0.105112954	0.024994926	0.148063162	6.8
hsa_can_2212-m	-0.005813314	0.129603001	0.964394869	0.98960925	2.6
hsa_can_2298-m	0.065817353	0.109849672	0.551668845	0.768160404	5
hsa_can_2349-m	0.078212942	0.131773592	0.555392732	0.77101953	15.7
hsa_can_2434-m	-0.855195671	0.241942215	0.000867004	0.018517521	7.3
hsa_can_257-m	0.358803062	0.115104957	0.002972539	0.041902507	4.5
hsa_can_264-m	0.218223201	0.107167812	0.046830477	0.201806279	0.8
hsa_can_270-m	0.473675822	0.12124207	0.000271392	0.009460519	4.7
hsa_can_279-m	-0.00419248	0.118105278	0.971818706	0.991680694	4.7
hsa_can_417-m	-0.093063849	0.145985965	0.526606116	0.752765911	11.4
hsa_can_477-m	0.014308127	0.116524728	0.90274637	0.9668982	4.7
hsa_can_516-m	-0.224283871	0.111062652	0.048609903	0.202251918	14.1
hsa_can_575-m	-1.406140196	0.251581407	8.51e-07	0.000148636	300.3
hsa_can_576-m	-0.283524171	0.163502837	0.088832455	0.27720485	3.1
hsa_can_635-m	-0.035780693	0.119748674	0.766284862	0.907852744	1.9
hsa_can_667-m	0.250817248	0.132995622	0.064898755	0.233359072	24.3
hsa_can_679-m	-0.119459356	0.173760353	0.49482605	0.740649699	2.9
hsa_can_68-m	0.020533135	0.113963674	0.857717364	0.942679933	0.9
hsa_can_74-m	-1.07674174	0.234346103	2.79e-05	0.001952585	4.9
hsa_can_742-m	-0.227255599	0.105180336	0.035352899	0.177186419	5.8
hsa_can_776-m	0.019328177	0.143211058	0.893162287	0.965302486	2.1
hsa_can_845-m	-0.211121223	0.106221933	0.052139737	0.20670285	5.8
hsa_can_88-m	0.130098353	0.144590155	0.372388991	0.644306694	1.7
hsa-chr10_25212-m	-0.162486129	0.11090375	0.148911584	0.387799748	6.2
hsa-chr10_25782-m	-0.037556265	0.156850135	0.811705361	0.930134504	4.9
hsa-chr12_29640-s	-0.144263819	0.112991052	0.207355035	0.467863427	6.7
hsa-chr12_30491-m	0.253233743	0.125270206	0.048388649	0.202251918	12.1
hsa-chr13_31662-s	0.04460627	0.125696262	0.724119662	0.897446177	2
hsa-chr14_31894-m	-0.19232382	0.183835944	0.300320884	0.559798128	7.5
hsa-chr14_32338-s	0.011108326	0.137723559	0.936024618	0.976200775	3
hsa-chr14_32345-s	-0.00223315	0.056079965	0.968388473	0.989625062	212.3
hsa-chr14_32459-m	0.093381874	0.092645299	0.318145628	0.586764628	12
hsa-chr14_32459-s	0.111439049	0.132574933	0.404435199	0.672195666	1.3
hsa-chr14_32493-m	0.181614841	0.124512795	0.150688337	0.388675822	7.7
hsa-chr14_32573-m	-0.240551219	0.10510009	0.026184948	0.152527323	46.1
hsa-chr14_32959-m	-0.122348408	0.091514131	0.187063676	0.442200961	42.5
hsa-chr14_32959-s	0.246625444	0.151266164	0.10905859	0.315008075	5.7
hsa-chr15_34044-s	0.148357079	0.116232849	0.207493079	0.467863427	5.7
hsa-chr15_34369-s	-0.040705054	0.120670108	0.737229707	0.899661728	44.2
hsa-chr15_34501-m	0.432930788	0.146115352	0.004587119	0.053439939	7.5
hsa-chr15_34625-m	0.1366693	0.154411752	0.380179163	0.653761132	2.2
hsa-chr17_36921-m	0.110203492	0.143063465	0.44460059	0.703112698	2.8
hsa-chr17_38201-m	0.459563198	0.166246839	0.007872503	0.067936786	177.7
hsa-chr17_38551-m	-0.036193255	0.155046995	0.816340854	0.931416172	5.1
hsa-chr19_40882-m	-0.294081404	0.143438763	0.045399708	0.197108048	3.4
hsa-chr19_40892-s	-0.329100143	0.155550891	0.039177762	0.182568371	5.9
hsa-chr19_41066-s	-0.079483904	0.070895077	0.267375669	0.525249753	697.7
hsa-chr19_41068-m	0.025851361	0.083130577	0.757064384	0.904594879	625.4
hsa-chr19_42450-m	0.093649777	0.139159326	0.503947539	0.747896667	1.7
hsa-chr1_3181-s	0.283890141	0.122042374	0.023942858	0.144864407	3.4
hsa-chr1_3184-m	0.161031259	0.067385049	0.02052132	0.129228852	227
hsa-chr1_3915-m	-0.094594522	0.081163356	0.24914185	0.510704262	11651.6
hsa-chr1_4065-m	0.214778965	0.179849967	0.237814294	0.498101467	1.9
hsa-chr1_4112-m	-0.480390877	0.237529236	0.048287208	0.202251918	11
hsa-chr1_674-m	-0.083422687	0.148696798	0.577189903	0.784933351	0.7
hsa-chr20_39783-m	0.068265227	0.204970405	0.740436271	0.899661728	34.7
hsa-chr20_39955-m	-0.119437251	0.087148798	0.176418979	0.427139184	192.3
hsa-chr21_43582-m	0.154051325	0.128042937	0.234378141	0.4979645	2.4
hsa-chr2_4541-m	0.444146207	0.115401797	0.000326574	0.009925006	4.5
hsa-chr2_5552-m	-0.110017192	0.159964851	0.494661351	0.740649699	162.4
hsa-chr2_6216-m	-0.532111387	0.198606901	0.009857532	0.079200167	5965.1
hsa-chr3_7880-s	-0.010952127	0.136600634	0.936404854	0.976200775	91.7
hsa-chr3_8976-m	-0.06197488	0.094301635	0.513951846	0.752765911	6.1
hsa-chr5_13097-m	0.299269521	0.086743761	0.00112028	0.021164217	38036.3
hsa-chr5_14497-s	0.383158189	0.114052973	0.001468444	0.025661059	1.6
hsa-chr5_14514-m	0.004107346	0.097150899	0.966439004	0.98960925	15
hsa-chr6_14696-m	-0.066375281	0.132467288	0.618436976	0.81797374	3.3
hsa-chr6_15030-m	-0.071359592	0.186506949	0.703567763	0.878203333	2124.8
hsa-chr6_15197-m	-0.23054341	0.085579615	0.009485196	0.077094792	18.3
hsa-chr6_16566-m	0.105494892	0.139874568	0.45412471	0.705161943	1.5
hsa-chr7_17839-m	0.049311606	0.057657977	0.396339902	0.667374388	158.9
hsa-chr7_17957-s	0.109710615	0.095381958	0.255313952	0.516644812	13.8
hsa-chr7_18012-m	-0.035382686	0.145296417	0.808560212	0.929144516	44.8
hsa-chr7_18012-s	0.200271276	0.116762757	0.092262934	0.282858732	17.8
hsa-chr8_21419-m	-0.494656099	0.195487502	0.014460688	0.103143069	8.2
hsa-chr8_21419-s	0.300278916	0.133944338	0.029265485	0.162487248	8.8
hsa-chr8_21718-m	0.014126064	0.150979188	0.925815886	0.970997933	5.2
hsa-chr8_22408-s	-0.114073849	0.063315252	0.07739434	0.258845184	3104.6
hsa-chr9_23811-s	-0.368799427	0.125911675	0.005037781	0.055022016	1.4
hsa-chr9_23885-m	0.031524292	0.130112293	0.809512175	0.929144516	595.7
hsa-chr9_24118-m	0.280323182	0.086124297	0.001997926	0.03247792	180.6
hsa-chrX_19632-m	0.117309476	0.092891267	0.212270036	0.473735616	39
hsa-chrX_19635-m	0.305590651	0.206339941	0.144639329	0.385872661	3.7
hsa-chrX_20124-m	0.326325494	0.08702051	0.000445788	0.012464232	1667.2
hsa-chrX_20124-s	0.089168778	0.073363868	0.229691019	0.490990894	99.3
hsa-P1-can2149-m	-0.040543822	0.086176858	0.639985091	0.829255576	0.1
hsa-P1-can29-m	-0.257565812	0.190195691	0.181523775	0.434538079	7.5
hsa-P1-can473-m	-0.006887349	0.159699417	0.965765517	0.98960925	4.9
hsa-P1-can5850-m	0.337856002	0.13629189	0.016459019	0.110623599	3.9
hsa-P1-can5857-m	-0.039538952	0.120312296	0.743750668	0.899661728	1.9
hsa-P1-can5861-m	-0.038208379	0.122168659	0.755720666	0.904535523	1.7
hsa-P1-can5896-m	0.089760904	0.117110691	0.446867099	0.703701069	6.2
hsa-P1-can5917-m	0.128421437	0.091547418	0.166623273	0.414482804	3.6
hsa-P1-can5925-m	-0.086433977	0.110441156	0.437397171	0.700250001	179.2
hsa-P1-can5956-m	0.197496148	0.108607911	0.074759611	0.255577482	32.6
hsa-P1-can5957-m	0.27311062	0.124602062	0.03289043	0.172860232	1664
hsa-P1-can621-m	0.394941012	0.16098448	0.01754466	0.11400094	9.6
hsa-P1-can676-m	-0.341358458	0.1114037	0.003455359	0.043468389	3.3
hsa-P1-can730-m	-0.195663909	0.111253495	0.084508426	0.269732372	1.4
hsa-P1-can888-m	-0.697595584	0.19750786	0.000874218	0.018517521	3.2
hsa-P1-can914-m	0.488936792	0.125613793	0.000284222	0.009460519	4.7
hsa-P2-can1169-m	-0.107728401	0.123319223	0.386367081	0.658124698	3.7
hsa-P2-can246-m	0.391034405	0.114317097	0.001223753	0.022510615	5.2
hsa-P2-can31-m	0.028560125	0.084601796	0.737036466	0.899661728	34.7
hsa-P2-can3481-m	0.105905108	0.138481255	0.447870533	0.703701069	1.5
hsa-P2-can443-m	-0.061805712	0.136172403	0.651805074	0.840509912	4.9
hsa-P2-can636-m	0.031481247	0.155931229	0.84078902	0.942679933	1.9
hsa-P2-can7371-m	-0.137476903	0.142492733	0.339110916	0.607791103	46.1
hsa-P3-can1155-m	-0.027941794	0.107109849	0.795222785	0.922199362	0.9
hsa-P3-can542-m	-0.072707013	0.10093575	0.474547747	0.717984578	4.8
hsa-P3-can72-m	-0.079959157	0.137186859	0.562514442	0.774011014	4.9
hsa-P3-can8392-m	-0.220467411	0.134308508	0.106728899	0.310847919	4.5
hsa-P3-can8439-m	-0.133734926	0.125097503	0.289986741	0.550817206	3.7
hsa-P3-can8472-m	0.031131664	0.097927523	0.751830054	0.903056598	3.3
hsa-P4-can630-m	-0.021745069	0.158992103	0.891742155	0.965302486	5.6
hsa-P4-can686-m	0.000750103	0.150108415	0.996032049	0.998890104	5.3
hsa-P5-can399-m	-1.105623438	0.185764718	2.29e-07	8.02e-05	44.1
hsa-P5-can682-m	-0.010257348	0.118768928	0.931508837	0.974737541	11.5
hsa-P5-can8363-m	-0.179715366	0.09426179	0.062110805	0.228460106	5.4
hsa-P6-can654-m	-0.135552632	0.147726785	0.363069961	0.636054893	6.7
hsa-P7-can8443-m	-1.356200274	0.282185562	1.35e-05	0.001295391	11.5
hsa-P8-can4686-m	0.278100183	0.109063519	0.013762112	0.103143069	0.8
hsa-P8-can8459-m	-0.730842793	0.262793934	0.007529042	0.0674718	10.1
hsa-P9-can2040-m	0.072615335	0.236438244	0.759977281	0.905850485	889.7
hsa-P9-can627-m	-1.027996828	0.228927372	3.98e-05	0.002527558	5.1
hsa-P9-can8575-m	-0.111319447	0.094944878	0.246354267	0.510704262	4.9
